0.18
0.19
0.17
0.18
0.19
0.12
0.19
0.15
0.22
0.10
0.14
0.20
0.14
0.15
0.19
0.20
0.19
0.15
0.17
0.23
0.18
0.22
0.13
0.19
0.19
0.21
0.18
0.15
0.12
0.19
0.17
0.16
0.14
0.21
0.23
0.19
0.14
0.11
0.17
0.21
0.20
0.19
0.15
0.16
0.25
0.16
0.15
0.18
0.24
0.16
0.14
0.18
0.24
0.17
0.13
0.13
0.15
0.14
0.19
0.18
0.18
0.18
0.20
0.16
0.12
0.16
0.18
0.21
0.16
0.20
0.24
0.22
0.20
0.18
0.20
0.13
0.22
0.26
0.18

0.24
0.17
0.17
0.22
0.23
0.15
0.19
0.23
0.18
0.23
0.21
0.21
0.27
0.20
0.16
0.20
0.17
0.16
0.22
0.14
0.24
0.15
0.16
0.18
0.13
0.19
0.18
0.17
0.19
0.19
0.15
0.19
0.15
0.24
0.27
0.18
0.25
0.11
0.25
0.19
0.24
0.18
0.22
0.23
0.15
0.18

0.23
0.28
0.20
0.16
0.21
0.28
0.21
0.19
0.20
0.21
0.19
0.17
0.11
0.16
0.11
0.18
0.20
0.20
0.21
0.13
0.15
0.17
0.17
0.18
0.18
0.18
0.24
0.17
0.17
0.24
0.22
0.20
0.14
0.12
0.18
0.22
0.22
0.14

0.18
0.18
0.16
0.16
0.14
0.22
0.25
0.18
0.16

0.18
0.19
0.14
0.17
0.27
0.25
0.23
0.14
0.28
0.17
0.18
